fx = 100;
music = 100;
ison = 1;